,Year,Tm,ProBowl
0,2000,ARI,1
1,2000,BAL,5
2,2000,BUF,4
3,2000,CAR,1
4,2000,CHI,1
5,2000,CIN,1
6,2000,DAL,1
7,2000,DEN,3
8,2000,DET,3
9,2000,GNB,1
10,2000,IND,2
11,2000,JAX,2
12,2000,KAN,2
13,2000,MIA,7
14,2000,MIN,6
15,2000,NOR,6
16,2000,NYG,2
17,2000,NYJ,3
18,2000,OAK,3
19,2000,PHI,4
20,2000,PIT,1
21,2000,SDG,2
22,2000,SFO,2
23,2000,STL,4
24,2000,TAM,9
25,2000,TEN,8
26,2000,WAS,4
27,2001,ARI,1
28,2001,ATL,1
29,2001,BAL,6
30,2001,BUF,2
31,2001,CAR,3
32,2001,CHI,5
33,2001,CIN,1
34,2001,CLE,1
35,2001,DAL,2
36,2001,DEN,7
37,2001,DET,1
38,2001,GNB,2
39,2001,IND,2
40,2001,JAX,2
41,2001,KAN,3
42,2001,MIA,2
43,2001,MIN,2
44,2001,NOR,3
45,2001,NWE,3
46,2001,NYG,3
47,2001,NYJ,3
48,2001,OAK,4
49,2001,PHI,7
50,2001,PIT,5
51,2001,SDG,4
52,2001,SEA,2
53,2001,SFO,5
54,2001,STL,6
55,2001,TAM,6
56,2001,TEN,2
57,2001,WAS,3
58,2002,ATL,1
59,2002,BAL,3
60,2002,BUF,3
61,2002,CAR,2
62,2002,CHI,3
63,2002,CIN,1
64,2002,DAL,1
65,2002,DEN,2
66,2002,GNB,5
67,2002,HOU,2
68,2002,IND,1
69,2002,JAX,1
70,2002,KAN,5
71,2002,MIA,7
72,2002,MIN,2
73,2002,NOR,4
74,2002,NWE,6
75,2002,NYG,2
76,2002,NYJ,2
77,2002,OAK,4
78,2002,PHI,9
79,2002,PIT,4
80,2002,SDG,3
81,2002,SEA,1
82,2002,SFO,5
83,2002,STL,2
84,2002,TAM,6
85,2002,TEN,1
86,2002,WAS,3
87,2003,ARI,1
88,2003,ATL,2
89,2003,BAL,8
90,2003,BUF,2
91,2003,CAR,4
92,2003,CHI,3
93,2003,CIN,2
94,2003,DAL,5
95,2003,DEN,3
96,2003,DET,1
97,2003,GNB,5
98,2003,IND,3
99,2003,JAX,1
100,2003,KAN,8
101,2003,MIA,4
102,2003,MIN,3
103,2003,NOR,2
104,2003,NWE,3
105,2003,NYG,2
106,2003,NYJ,2
107,2003,PHI,2
108,2003,PIT,3
109,2003,SEA,4
110,2003,SFO,3
111,2003,STL,5
112,2003,TAM,4
113,2003,TEN,4
114,2003,WAS,3
115,2004,ARI,1
116,2004,ATL,4
117,2004,BAL,5
118,2004,BUF,4
119,2004,CAR,4
120,2004,CHI,1
121,2004,CIN,4
122,2004,DAL,5
123,2004,DEN,2
124,2004,DET,3
125,2004,GNB,4
126,2004,HOU,1
127,2004,IND,4
128,2004,JAX,2
129,2004,KAN,6
130,2004,MIA,2
131,2004,MIN,2
132,2004,NOR,2
133,2004,NWE,5
134,2004,NYG,1
135,2004,NYJ,3
136,2004,OAK,1
137,2004,PHI,9
138,2004,PIT,9
139,2004,SDG,2
140,2004,SEA,3
141,2004,SFO,1
142,2004,STL,2
143,2004,TAM,2
144,2004,WAS,1
145,2005,ARI,2
146,2005,ATL,5
147,2005,BAL,1
148,2005,BUF,2
149,2005,CAR,3
150,2005,CHI,6
151,2005,CIN,4
152,2005,DAL,4
153,2005,DEN,4
154,2005,DET,1
155,2005,HOU,1
156,2005,IND,7
157,2005,JAX,1
158,2005,KAN,5
159,2005,MIA,3
160,2005,MIN,2
161,2005,NOR,1
162,2005,NWE,1
163,2005,NYG,5
164,2005,NYJ,2
165,2005,OAK,1
166,2005,PHI,3
167,2005,PIT,5
168,2005,SDG,6
169,2005,SEA,6
170,2005,STL,2
171,2005,TAM,3
172,2005,TEN,1
173,2005,WAS,2
174,2006,ARI,2
175,2006,ATL,2
176,2006,BAL,6
177,2006,BUF,2
178,2006,CAR,3
179,2006,CHI,8
180,2006,CIN,2
181,2006,DAL,6
182,2006,DEN,3
183,2006,DET,1
184,2006,GNB,2
185,2006,HOU,1
186,2006,IND,4
187,2006,JAX,2
188,2006,KAN,4
189,2006,MIA,2
190,2006,MIN,4
191,2006,NOR,2
192,2006,NWE,2
193,2006,NYG,3
194,2006,NYJ,1
195,2006,OAK,1
196,2006,PHI,3
197,2006,PIT,4
198,2006,SDG,10
199,2006,SEA,4
200,2006,SFO,3
201,2006,STL,2
202,2006,TAM,3
203,2006,WAS,2
204,2007,ARI,2
205,2007,BAL,4
206,2007,BUF,2
207,2007,CHI,4
208,2007,CIN,2
209,2007,CLE,5
210,2007,DAL,12
211,2007,DEN,2
212,2007,GNB,4
213,2007,HOU,1
214,2007,IND,5
215,2007,JAX,1
216,2007,KAN,2
217,2007,MIA,1
218,2007,MIN,7
219,2007,NWE,7
220,2007,NYG,1
221,2007,OAK,1
222,2007,PHI,3
223,2007,PIT,5
224,2007,SDG,9
225,2007,SEA,5
226,2007,SFO,2
227,2007,STL,1
228,2007,TEN,3
229,2007,WAS,4
230,2008,ARI,4
231,2008,ATL,2
232,2008,BAL,5
233,2008,BUF,2
234,2008,CAR,4
235,2008,CHI,1
236,2008,CLE,3
237,2008,DAL,6
238,2008,DEN,2
239,2008,GNB,3
240,2008,HOU,3
241,2008,IND,3
242,2008,KAN,2
243,2008,MIA,3
244,2008,MIN,6
245,2008,NOR,1
246,2008,NWE,2
247,2008,NYG,6
248,2008,NYJ,6
249,2008,OAK,2
250,2008,PHI,2
251,2008,PIT,3
252,2008,SDG,2
253,2008,SEA,2
254,2008,SFO,1
255,2008,TAM,4
256,2008,TEN,7
257,2008,WAS,4
258,2009,ARI,5
259,2009,ATL,1
260,2009,BAL,5
261,2009,BUF,1
262,2009,CAR,4
263,2009,CHI,2
264,2009,CIN,1
265,2009,CLE,2
266,2009,DAL,8
267,2009,DEN,5
268,2009,GNB,3
269,2009,HOU,4
270,2009,IND,6
271,2009,JAX,1
272,2009,MIA,3
273,2009,MIN,9
274,2009,NOR,6
275,2009,NWE,4
276,2009,NYG,4
277,2009,NYJ,5
278,2009,OAK,3
279,2009,PHI,8
280,2009,PIT,4
281,2009,SDG,5
282,2009,SFO,5
283,2009,STL,1
284,2009,TEN,3
285,2009,WAS,2
286,2010,ARI,3
287,2010,ATL,8
288,2010,BAL,5
289,2010,BUF,1
290,2010,CAR,3
291,2010,CHI,4
292,2010,CLE,2
293,2010,DAL,6
294,2010,DEN,2
295,2010,DET,2
296,2010,GNB,6
297,2010,HOU,3
298,2010,IND,4
299,2010,JAX,3
300,2010,KAN,4
301,2010,MIA,4
302,2010,MIN,4
303,2010,NOR,4
304,2010,NWE,7
305,2010,NYG,5
306,2010,NYJ,3
307,2010,OAK,4
308,2010,PHI,4
309,2010,PIT,4
310,2010,SDG,3
311,2010,SFO,2
312,2010,STL,1
313,2010,TAM,1
314,2010,TEN,4
315,2010,WAS,3
316,2011,ARI,3
317,2011,ATL,2
318,2011,BAL,8
319,2011,CAR,2
320,2011,CHI,6
321,2011,CIN,3
322,2011,CLE,1
323,2011,DAL,2
324,2011,DEN,6
325,2011,DET,1
326,2011,GNB,6
327,2011,HOU,4
328,2011,IND,1
329,2011,JAX,2
330,2011,KAN,2
331,2011,MIA,3
332,2011,MIN,2
333,2011,NOR,4
334,2011,NWE,7
335,2011,NYG,1
336,2011,NYJ,4
337,2011,OAK,4
338,2011,PHI,3
339,2011,PIT,6
340,2011,SDG,4
341,2011,SEA,5
342,2011,SFO,9
343,2011,TAM,1
344,2011,WAS,1
345,2012,ARI,3
346,2012,ATL,4
347,2012,BAL,6
348,2012,BUF,3
349,2012,CHI,5
350,2012,CIN,4
351,2012,CLE,3
352,2012,DAL,3
353,2012,DEN,6
354,2012,DET,3
355,2012,GNB,3
356,2012,HOU,8
357,2012,IND,2
358,2012,KAN,6
359,2012,MIA,4
360,2012,MIN,7
361,2012,NOR,3
362,2012,NWE,6
363,2012,NYG,3
364,2012,NYJ,2
365,2012,OAK,1
366,2012,PIT,2
367,2012,SEA,5
368,2012,SFO,9
369,2012,TAM,3
370,2012,WAS,4
371,2013,ARI,4
372,2013,ATL,1
373,2013,BAL,4
374,2013,BUF,4
375,2013,CAR,6
376,2013,CHI,5
377,2013,CIN,2
378,2013,CLE,6
379,2013,DAL,5
380,2013,DEN,4
381,2013,DET,2
382,2013,GNB,1
383,2013,HOU,3
384,2013,IND,2
385,2013,JAX,1
386,2013,KAN,9
387,2013,MIA,4
388,2013,MIN,2
389,2013,NOR,4
390,2013,NWE,4
391,2013,NYG,1
392,2013,NYJ,2
393,2013,OAK,1
394,2013,PHI,4
395,2013,PIT,2
396,2013,SDG,1
397,2013,SEA,5
398,2013,SFO,9
399,2013,STL,2
400,2013,TAM,2
401,2013,TEN,1
402,2013,WAS,3
403,2014,ARI,4
404,2014,ATL,2
405,2014,BAL,4
406,2014,BUF,3
407,2014,CAR,2
408,2014,CHI,2
409,2014,CIN,3
410,2014,CLE,4
411,2014,DAL,7
412,2014,DEN,10
413,2014,DET,4
414,2014,GNB,6
415,2014,HOU,3
416,2014,IND,6
417,2014,KAN,4
418,2014,MIA,3
419,2014,NOR,3
420,2014,NWE,4
421,2014,NYG,1
422,2014,NYJ,2
423,2014,OAK,1
424,2014,PHI,8
425,2014,PIT,4
426,2014,SDG,2
427,2014,SEA,5
428,2014,SFO,3
429,2014,STL,2
430,2014,TAM,1
431,2014,WAS,2
432,2015,ARI,6
433,2015,ATL,4
434,2015,BAL,4
435,2015,BUF,3
436,2015,CAR,9
437,2015,CHI,1
438,2015,CIN,8
439,2015,CLE,3
440,2015,DAL,5
441,2015,DEN,4
442,2015,DET,2
443,2015,GNB,4
444,2015,HOU,3
445,2015,IND,3
446,2015,JAX,1
447,2015,KAN,6
448,2015,MIA,5
449,2015,MIN,4
450,2015,NOR,1
451,2015,NWE,6
452,2015,NYG,3
453,2015,NYJ,5
454,2015,OAK,4
455,2015,PHI,4
456,2015,PIT,2
457,2015,SDG,1
458,2015,SEA,6
459,2015,SFO,2
460,2015,STL,3
461,2015,TAM,4
462,2015,TEN,2
463,2015,WAS,1
464,2016,ARI,3
465,2016,ATL,5
466,2016,BAL,7
467,2016,BUF,6
468,2016,CAR,5
469,2016,CHI,2
470,2016,CIN,4
471,2016,CLE,1
472,2016,DAL,6
473,2016,DEN,6
474,2016,DET,1
475,2016,GNB,3
476,2016,HOU,1
477,2016,IND,2
478,2016,KAN,6
479,2016,LAR,3
480,2016,MIA,4
481,2016,MIN,6
482,2016,NWE,3
483,2016,NYG,4
484,2016,NYJ,1
485,2016,OAK,6
486,2016,PHI,4
487,2016,PIT,5
488,2016,SDG,2
489,2016,SEA,7
490,2016,TAM,2
491,2016,TEN,5
492,2016,WAS,4
493,2017,2TM,1
494,2017,ARI,4
495,2017,ATL,4
496,2017,BAL,3
497,2017,BUF,3
498,2017,CAR,4
499,2017,CIN,3
500,2017,CLE,1
501,2017,DAL,5
502,2017,DEN,2
503,2017,DET,2
504,2017,GNB,2
505,2017,HOU,2
506,2017,IND,2
507,2017,JAX,6
508,2017,KAN,3
509,2017,LAC,5
510,2017,LAR,7
511,2017,MIA,2
512,2017,MIN,7
513,2017,NOR,6
514,2017,NWE,3
515,2017,NYG,1
516,2017,OAK,4
517,2017,PHI,5
518,2017,PIT,9
519,2017,SEA,5
520,2017,SFO,2
521,2017,TAM,2
522,2017,TEN,6
523,2017,WAS,3
524,2018,2TM,1
525,2018,ARI,1
526,2018,ATL,4
527,2018,BAL,4
528,2018,BUF,1
529,2018,CAR,3
530,2018,CHI,7
531,2018,CIN,1
532,2018,CLE,4
533,2018,DAL,6
534,2018,DEN,4
535,2018,DET,2
536,2018,GNB,1
537,2018,HOU,5
538,2018,IND,2
539,2018,JAX,2
540,2018,KAN,5
541,2018,LAC,6
542,2018,LAR,3
543,2018,MIA,1
544,2018,MIN,4
545,2018,NOR,7
546,2018,NWE,1
547,2018,NYG,5
548,2018,NYJ,3
549,2018,OAK,1
550,2018,PHI,5
551,2018,PIT,8
552,2018,SEA,2
553,2018,SFO,3
554,2018,TAM,1
555,2018,TEN,3
556,2018,WAS,2
557,2019,2TM,3
558,2019,ARI,2
559,2019,ATL,3
560,2019,BAL,11
561,2019,BUF,3
562,2019,CAR,3
563,2019,CHI,4
564,2019,CIN,1
565,2019,CLE,3
566,2019,DAL,6
567,2019,DEN,2
568,2019,DET,2
569,2019,GNB,4
570,2019,HOU,2
571,2019,IND,4
572,2019,JAX,3
573,2019,KAN,5
574,2019,LAC,3
575,2019,LAR,1
576,2019,MIN,7
577,2019,NOR,10
578,2019,NWE,3
579,2019,NYJ,1
580,2019,OAK,2
581,2019,PHI,6
582,2019,PIT,5
583,2019,SEA,2
584,2019,SFO,4
585,2019,TAM,3
586,2019,TEN,3
587,2019,WAS,2
588,2020,ARI,2
589,2020,ATL,2
590,2020,BAL,7
591,2020,BUF,4
592,2020,CHI,2
593,2020,CLE,3
594,2020,DEN,2
595,2020,DET,3
596,2020,GNB,6
597,2020,HOU,1
598,2020,IND,3
599,2020,KAN,6
600,2020,LAC,2
601,2020,LAR,2
602,2020,LVR,2
603,2020,MIA,1
604,2020,MIN,2
605,2020,NOR,5
606,2020,NWE,3
607,2020,NYG,2
608,2020,PHI,3
609,2020,PIT,5
610,2020,SEA,6
611,2020,SFO,3
612,2020,TAM,1
613,2020,TEN,2
614,2020,WAS,2
615,2021,2TM,1
616,2021,ARI,4
617,2021,ATL,2
618,2021,BAL,4
619,2021,BUF,2
620,2021,CAR,2
621,2021,CHI,1
622,2021,CIN,3
623,2021,CLE,5
624,2021,DAL,6
625,2021,DET,1
626,2021,GNB,2
627,2021,IND,7
628,2021,KAN,6
629,2021,LAC,5
630,2021,LAR,4
631,2021,LVR,4
632,2021,MIA,1
633,2021,MIN,4
634,2021,NOR,4
635,2021,NWE,3
636,2021,PHI,5
637,2021,PIT,4
638,2021,SEA,3
639,2021,SFO,7
640,2021,TAM,8
641,2021,TEN,4
642,2021,WAS,2
643,2022,2TM,4
644,2022,ARI,1
645,2022,ATL,1
646,2022,BAL,5
647,2022,BUF,7
648,2022,CAR,1
649,2022,CIN,2
650,2022,CLE,4
651,2022,DAL,8
652,2022,DEN,1
653,2022,DET,3
654,2022,GNB,2
655,2022,HOU,1
656,2022,IND,1
657,2022,JAX,1
658,2022,KAN,6
659,2022,LAC,2
660,2022,LAR,2
661,2022,LVR,4
662,2022,MIA,3
663,2022,MIN,5
664,2022,NOR,1
665,2022,NWE,1
666,2022,NYG,2
667,2022,NYJ,4
668,2022,PHI,7
669,2022,PIT,3
670,2022,SEA,3
671,2022,SFO,6
672,2022,TAM,1
673,2022,TEN,4
674,2022,WAS,5
