,Year,Tm,ProBowl
0,2000,DEN,1
1,2000,IND,1
2,2000,KAN,1
3,2000,MIN,1
4,2000,OAK,1
5,2000,PHI,1
6,2000,SFO,1
7,2000,STL,1
8,2000,TEN,1
9,2001,GNB,1
10,2001,NWE,1
11,2001,OAK,1
12,2001,PHI,1
13,2001,PIT,1
14,2001,SFO,1
15,2001,STL,1
16,2002,ATL,1
17,2002,BUF,1
18,2002,GNB,1
19,2002,IND,1
20,2002,OAK,1
21,2002,PHI,1
22,2002,SFO,1
23,2002,TAM,1
24,2003,GNB,1
25,2003,IND,1
26,2003,KAN,1
27,2003,MIN,1
28,2003,PHI,1
29,2003,SEA,1
30,2003,STL,1
31,2003,TEN,1
32,2004,ATL,1
33,2004,IND,1
34,2004,MIN,1
35,2004,NWE,1
36,2004,PHI,1
37,2004,SDG,1
38,2005,ATL,1
39,2005,CAR,1
40,2005,CIN,1
41,2005,DEN,1
42,2005,IND,1
43,2005,KAN,1
44,2005,NWE,1
45,2005,SEA,1
46,2005,TEN,1
47,2006,CIN,1
48,2006,DAL,1
49,2006,IND,1
50,2006,NOR,1
51,2006,SDG,1
52,2006,STL,1
53,2006,TEN,1
54,2007,CLE,1
55,2007,DAL,1
56,2007,GNB,1
57,2007,IND,1
58,2007,NWE,1
59,2007,PIT,1
60,2007,SEA,1
61,2007,TAM,1
62,2008,ARI,1
63,2008,DEN,1
64,2008,IND,1
65,2008,NOR,1
66,2008,NYG,1
67,2008,NYJ,1
68,2008,TEN,1
69,2009,DAL,1
70,2009,GNB,1
71,2009,HOU,1
72,2009,IND,1
73,2009,JAX,1
74,2009,MIN,1
75,2009,NOR,1
76,2009,NWE,1
77,2009,PHI,1
78,2009,SDG,1
79,2009,TEN,1
80,2010,ATL,1
81,2010,IND,1
82,2010,KAN,1
83,2010,NOR,1
84,2010,NWE,1
85,2010,PHI,1
86,2010,SDG,1
87,2011,CAR,1
88,2011,CIN,1
89,2011,GNB,1
90,2011,NOR,1
91,2011,NWE,1
92,2011,NYG,1
93,2011,PIT,1
94,2011,SDG,1
95,2012,ATL,1
96,2012,DEN,1
97,2012,GNB,1
98,2012,HOU,1
99,2012,IND,1
100,2012,NOR,1
101,2012,NWE,1
102,2012,NYG,1
103,2012,SEA,1
104,2012,WAS,1
105,2013,CAR,1
106,2013,DEN,1
107,2013,IND,1
108,2013,KAN,1
109,2013,NOR,1
110,2013,NWE,1
111,2013,PHI,1
112,2013,SDG,1
113,2013,SEA,1
114,2014,ATL,1
115,2014,CIN,1
116,2014,DAL,1
117,2014,DEN,1
118,2014,DET,1
119,2014,GNB,1
120,2014,IND,1
121,2014,NOR,1
122,2014,NWE,1
123,2014,PIT,1
124,2014,SEA,1
125,2015,ARI,1
126,2015,BUF,1
127,2015,CAR,1
128,2015,GNB,1
129,2015,MIN,1
130,2015,NWE,1
131,2015,NYG,1
132,2015,OAK,1
133,2015,PIT,1
134,2015,SEA,1
135,2015,TAM,1
136,2016,ATL,1
137,2016,CIN,1
138,2016,DAL,1
139,2016,GNB,1
140,2016,KAN,1
141,2016,NOR,1
142,2016,NWE,1
143,2016,OAK,1
144,2016,PIT,1
145,2016,SDG,1
146,2016,WAS,1
147,2017,KAN,1
148,2017,LAC,1
149,2017,LAR,1
150,2017,NOR,1
151,2017,NWE,1
152,2017,OAK,1
153,2017,PHI,1
154,2017,PIT,1
155,2017,SEA,1
156,2018,CHI,1
157,2018,DAL,1
158,2018,GNB,1
159,2018,HOU,1
160,2018,IND,1
161,2018,KAN,1
162,2018,LAC,1
163,2018,LAR,1
164,2018,NOR,1
165,2018,NWE,1
166,2018,SEA,1
167,2019,BAL,1
168,2019,GNB,1
169,2019,HOU,1
170,2019,KAN,1
171,2019,MIN,1
172,2019,NOR,1
173,2019,SEA,1
174,2019,TEN,1
175,2020,ARI,1
176,2020,BUF,1
177,2020,GNB,1
178,2020,HOU,1
179,2020,KAN,1
180,2020,SEA,1
181,2021,ARI,1
182,2021,BAL,1
183,2021,BUF,1
184,2021,DAL,1
185,2021,GNB,1
186,2021,KAN,1
187,2021,LAC,1
188,2021,MIN,1
189,2021,NWE,1
190,2021,SEA,1
191,2021,TAM,1
192,2022,BAL,1
193,2022,BUF,1
194,2022,CIN,1
195,2022,DET,1
196,2022,JAX,1
197,2022,KAN,1
198,2022,LVR,1
199,2022,MIN,1
200,2022,PHI,1
201,2022,SEA,1
